03000f13
00100493
00200913
00300993
00000e93
ffee8ee3
000ea283
7e502823
00000393
7f802f83
009f8663
004e8e93
0140006f
000e8663
ffce8e93
0080006f
02c00e93
7f402f83
00000313
000f8e63
00430313
009f8a63
00430313
012f8663
00430313
013f8263
03032e03
fbc384e3
00138393
ff9ff06f
00000000
00000000
00000000
00000000
00000000
00000000
00000000
00000000
00000000
00000000
00000000
00000000
00000000
00000000
00000000
00000000
00000000
00000000
00000000
00000000
00000000
00000000
00000000
00000000
00000000
00000000
00000000
00000000
00000000
00000000
00000000
00000000
00000000
00000000
